# times [s], mean(t) = 7.6, std(t) = 0.0
7.632106781005859375e+00
7.631864547729492188e+00
7.631826639175415039e+00
7.632826566696166992e+00
7.629324674606323242e+00
7.630701065063476562e+00
7.630071878433227539e+00
7.632472753524780273e+00
7.631645917892456055e+00
7.632819652557373047e+00
7.631625890731811523e+00
7.630905866622924805e+00
7.631833791732788086e+00
7.631483793258666992e+00
7.633138895034790039e+00
7.633246660232543945e+00
7.632946252822875977e+00
7.631405830383300781e+00
7.632413864135742188e+00
7.630894899368286133e+00
7.630899190902709961e+00
7.629449129104614258e+00
7.630728721618652344e+00
7.631068944931030273e+00
7.633965492248535156e+00
7.631222486495971680e+00
7.631535530090332031e+00
7.632001876831054688e+00
7.629230976104736328e+00
7.631649494171142578e+00
7.630299806594848633e+00
7.631084680557250977e+00
7.629776716232299805e+00
7.629003524780273438e+00
7.631010055541992188e+00
7.630261898040771484e+00
7.633318185806274414e+00
7.629486560821533203e+00
7.632606744766235352e+00
7.631807327270507812e+00
7.631074190139770508e+00
7.631841659545898438e+00
7.631794214248657227e+00
7.630216360092163086e+00
7.633410930633544922e+00
7.631340742111206055e+00
7.630800724029541016e+00
7.632652521133422852e+00
7.630051374435424805e+00
7.632006645202636719e+00
7.631308317184448242e+00
7.631283283233642578e+00
7.629295110702514648e+00
7.631756782531738281e+00
7.631527185440063477e+00
7.631114482879638672e+00
7.632325649261474609e+00
7.631236076354980469e+00
7.631076097488403320e+00
7.631840467453002930e+00
7.630435705184936523e+00
7.631015777587890625e+00
7.630283355712890625e+00
7.631863355636596680e+00
7.632105827331542969e+00
7.630471229553222656e+00
7.631484270095825195e+00
7.630837917327880859e+00
7.632966756820678711e+00
7.632273435592651367e+00
7.631088495254516602e+00
7.632098197937011719e+00
7.629304885864257812e+00
7.631721258163452148e+00
7.632376432418823242e+00
7.632565498352050781e+00
7.633598566055297852e+00
7.629822492599487305e+00
7.632703304290771484e+00
7.631128549575805664e+00
7.630988359451293945e+00
7.630698204040527344e+00
7.631986856460571289e+00
7.631127119064331055e+00
7.630121231079101562e+00
7.632071256637573242e+00
7.631456136703491211e+00
7.631154775619506836e+00
7.632946014404296875e+00
7.631263017654418945e+00
7.633156538009643555e+00
7.633867263793945312e+00
7.630311250686645508e+00
7.632354497909545898e+00
7.629987239837646484e+00
7.631661176681518555e+00
7.631233930587768555e+00
7.631585359573364258e+00
7.633450269699096680e+00
7.631550312042236328e+00
7.630775451660156250e+00
7.632164955139160156e+00
7.631375312805175781e+00
7.630671262741088867e+00
7.631959915161132812e+00
7.627636432647705078e+00
7.631605386734008789e+00
7.631993532180786133e+00
7.631778001785278320e+00
7.630653142929077148e+00
7.631489992141723633e+00
7.632444858551025391e+00
7.632993698120117188e+00
7.631476640701293945e+00
7.630971670150756836e+00
7.630633592605590820e+00
7.631053209304809570e+00
7.633667707443237305e+00
7.632799386978149414e+00
7.629186153411865234e+00
7.631402730941772461e+00
7.629991531372070312e+00
7.631529808044433594e+00
7.631638288497924805e+00
7.630996704101562500e+00
7.632076025009155273e+00
7.631114244461059570e+00
7.630068063735961914e+00
7.630949497222900391e+00
7.630779027938842773e+00
7.632312536239624023e+00
7.632222175598144531e+00
7.631257057189941406e+00
7.632356643676757812e+00
7.631228446960449219e+00
7.631362199783325195e+00
7.632010459899902344e+00
7.632328271865844727e+00
7.631260156631469727e+00
7.631219387054443359e+00
7.632028818130493164e+00
7.632261753082275391e+00
7.632473945617675781e+00
7.631466150283813477e+00
7.632122755050659180e+00
7.631677627563476562e+00
7.631755828857421875e+00
7.631940603256225586e+00
7.631208896636962891e+00
7.631067991256713867e+00
7.630992412567138672e+00
7.631028413772583008e+00
7.632822036743164062e+00
7.631527423858642578e+00
7.631844758987426758e+00
7.630286216735839844e+00
7.633105039596557617e+00
7.631255865097045898e+00
7.629374265670776367e+00
7.632275581359863281e+00
7.632675647735595703e+00
7.632292032241821289e+00
7.631470203399658203e+00
7.632091045379638672e+00
7.631881952285766602e+00
7.632387161254882812e+00
7.632874727249145508e+00
7.632086038589477539e+00
7.630593061447143555e+00
7.631630182266235352e+00
7.631552934646606445e+00
7.631258010864257812e+00
7.630125284194946289e+00
7.634237527847290039e+00
7.631313323974609375e+00
7.631270408630371094e+00
7.630649089813232422e+00
7.630459785461425781e+00
7.632388830184936523e+00
7.631538391113281250e+00
7.630117177963256836e+00
7.633653402328491211e+00
7.630912780761718750e+00
7.630752563476562500e+00
7.632491111755371094e+00
7.630270481109619141e+00
7.631355285644531250e+00
7.631647825241088867e+00
7.631960153579711914e+00
7.631717443466186523e+00
7.631989240646362305e+00
7.633269309997558594e+00
7.633614301681518555e+00
7.629695653915405273e+00
7.632594108581542969e+00
7.631445169448852539e+00
7.631930351257324219e+00
7.631680488586425781e+00
7.629944562911987305e+00
