# times [s], mean(t) = 3.2, std(t) = 0.0
3.090881347656250000e+00
3.105051040649414062e+00
3.108665943145751953e+00
3.110128164291381836e+00
3.112649202346801758e+00
3.116619110107421875e+00
3.117588758468627930e+00
3.117304325103759766e+00
3.119628190994262695e+00
3.141406297683715820e+00
3.141789674758911133e+00
3.140996932983398438e+00
3.142070531845092773e+00
3.144329071044921875e+00
3.168354749679565430e+00
3.165140151977539062e+00
3.167460918426513672e+00
3.167075395584106445e+00
3.166197299957275391e+00
3.166803836822509766e+00
3.183435916900634766e+00
3.190531253814697266e+00
3.190707445144653320e+00
3.194633007049560547e+00
3.190556287765502930e+00
3.190299987792968750e+00
3.191251993179321289e+00
3.190051555633544922e+00
3.191150426864624023e+00
3.192421913146972656e+00
3.190730810165405273e+00
3.191289424896240234e+00
3.191964149475097656e+00
3.191121339797973633e+00
3.193048000335693359e+00
3.191925525665283203e+00
3.191439867019653320e+00
3.192496299743652344e+00
3.192068576812744141e+00
3.191535711288452148e+00
3.191349267959594727e+00
3.191925048828125000e+00
3.214611530303955078e+00
3.217453956604003906e+00
3.217688322067260742e+00
3.216353178024291992e+00
3.215986013412475586e+00
3.217352151870727539e+00
3.217427492141723633e+00
3.216543197631835938e+00
3.218703746795654297e+00
3.218328237533569336e+00
3.218416452407836914e+00
3.218073606491088867e+00
3.219680547714233398e+00
3.217149972915649414e+00
3.216825962066650391e+00
3.216435670852661133e+00
3.217287063598632812e+00
3.218175649642944336e+00
3.216651916503906250e+00
3.218102931976318359e+00
3.217058658599853516e+00
3.216626882553100586e+00
3.218040704727172852e+00
3.216998815536499023e+00
3.216852664947509766e+00
3.217329502105712891e+00
3.217739343643188477e+00
3.218358039855957031e+00
3.226449728012084961e+00
3.243583679199218750e+00
3.243597745895385742e+00
3.243199586868286133e+00
3.243720531463623047e+00
3.243006467819213867e+00
3.245233058929443359e+00
3.243893384933471680e+00
3.243520498275756836e+00
3.242446899414062500e+00
3.244253873825073242e+00
3.243873596191406250e+00
3.243710994720458984e+00
3.242977142333984375e+00
3.244075775146484375e+00
3.243261814117431641e+00
3.242778062820434570e+00
3.242779016494750977e+00
3.245089530944824219e+00
3.242867469787597656e+00
3.242787599563598633e+00
3.244583129882812500e+00
3.245028734207153320e+00
3.243405818939208984e+00
3.243462800979614258e+00
3.243315458297729492e+00
3.242757558822631836e+00
3.243416309356689453e+00
3.243861675262451172e+00
3.244076967239379883e+00
3.242211103439331055e+00
3.242593288421630859e+00
3.244447469711303711e+00
3.242913246154785156e+00
3.244341611862182617e+00
3.243201255798339844e+00
3.243295431137084961e+00
3.243196249008178711e+00
3.243924140930175781e+00
3.243429660797119141e+00
3.245104551315307617e+00
3.245288848876953125e+00
3.241976976394653320e+00
3.241410017013549805e+00
3.242959737777709961e+00
3.243103027343750000e+00
3.244086742401123047e+00
3.243751049041748047e+00
3.243076801300048828e+00
3.243749141693115234e+00
3.245768308639526367e+00
3.243194818496704102e+00
3.243308067321777344e+00
3.243399381637573242e+00
3.244205236434936523e+00
3.244052886962890625e+00
3.242918968200683594e+00
3.242776870727539062e+00
3.242847919464111328e+00
3.243952989578247070e+00
3.244153261184692383e+00
3.245384931564331055e+00
3.242638826370239258e+00
3.243996143341064453e+00
3.244061708450317383e+00
3.244112730026245117e+00
3.243510246276855469e+00
3.243187189102172852e+00
3.243419170379638672e+00
3.242648124694824219e+00
3.244661569595336914e+00
3.243155956268310547e+00
3.244052410125732422e+00
3.243809700012207031e+00
3.243537902832031250e+00
3.242964267730712891e+00
3.243398666381835938e+00
3.243870735168457031e+00
3.243363142013549805e+00
3.243459224700927734e+00
3.243175745010375977e+00
3.244102239608764648e+00
3.242782115936279297e+00
3.243077516555786133e+00
3.243637800216674805e+00
3.243393898010253906e+00
3.243467330932617188e+00
3.243218421936035156e+00
3.243038654327392578e+00
3.243400335311889648e+00
3.243418216705322266e+00
3.243685960769653320e+00
3.243406534194946289e+00
3.242733478546142578e+00
3.244333267211914062e+00
3.244936466217041016e+00
3.243672847747802734e+00
3.243174552917480469e+00
3.244735956192016602e+00
3.245174884796142578e+00
3.243431091308593750e+00
3.242799758911132812e+00
3.244110345840454102e+00
3.243338346481323242e+00
3.243005990982055664e+00
3.245444774627685547e+00
3.244027614593505859e+00
3.243016481399536133e+00
3.242944478988647461e+00
3.243910789489746094e+00
3.243028879165649414e+00
3.242736339569091797e+00
3.242940664291381836e+00
3.243240833282470703e+00
3.243582963943481445e+00
3.243916988372802734e+00
3.244174003601074219e+00
3.244648933410644531e+00
3.244695663452148438e+00
3.242931365966796875e+00
3.243750810623168945e+00
3.243617057800292969e+00
3.242792367935180664e+00
3.243303775787353516e+00
3.244220495223999023e+00
3.243138313293457031e+00
3.242847204208374023e+00
3.242627620697021484e+00
3.243315696716308594e+00
