# Num ghost particles, chemical potential, std. dev. chemical potential, times
1.000000000000000000e+01 9.474879195424132927e-01 1.197162128789911427e-02 2.161445293426513814e-01
1.200000000000000000e+01 7.884917295114166613e-01 1.038435075997572003e-02 2.862011947631835085e-01
1.500000000000000000e+01 7.511857042266121276e-01 6.018231248189581488e-03 3.164551448822021662e-01
2.000000000000000000e+01 8.573445763783507090e-01 6.485320933749076470e-03 2.156395282745362518e-01
2.500000000000000000e+01 8.162561699925099390e-01 7.169123861721483568e-03 2.154290237426759180e-01
3.200000000000000000e+01 7.607811651845182155e-01 4.248972792176633484e-03 2.159445762634277788e-01
4.000000000000000000e+01 8.536127239139172929e-01 4.229608021190291861e-03 2.138072662353516229e-01
5.100000000000000000e+01 8.279045279977905736e-01 4.577365261768501746e-03 3.754336013793944105e-01
6.500000000000000000e+01 8.335376113074584037e-01 4.234972804656865486e-03 2.170164737701414381e-01
8.200000000000000000e+01 8.301752737611258759e-01 3.268620839061532352e-03 3.140713996887205539e-01
1.040000000000000000e+02 7.859279979734850041e-01 4.749196905753775601e-03 4.277825775146484322e-01
1.320000000000000000e+02 8.543479351308282954e-01 5.268589741155929769e-03 2.888886394500733701e-01
1.670000000000000000e+02 7.808094891671508719e-01 1.878905532345970198e-03 3.228325786590575674e-01
2.120000000000000000e+02 7.790320546427569326e-01 2.350452903853399948e-03 4.882415561676025639e-01
2.680000000000000000e+02 8.061934088279079091e-01 2.824584202255491644e-03 3.334973335266113725e-01
3.390000000000000000e+02 7.937538377086890140e-01 2.511617814290617416e-03 2.900921344757079190e-01
4.290000000000000000e+02 7.931336981118617402e-01 1.450980370045955618e-03 3.098467235565183220e-01
5.420000000000000000e+02 8.119725040488083856e-01 1.361311424378517168e-03 3.646797428131103302e-01
6.860000000000000000e+02 8.050971911397202252e-01 1.897958547870336708e-03 3.148753070831298295e-01
8.680000000000000000e+02 8.158373933608535911e-01 2.264751613523692097e-03 5.262642726898194567e-01
1.098000000000000000e+03 7.897983145410989447e-01 1.865249701665931117e-03 3.473003425598144567e-01
1.389000000000000000e+03 7.958025079445583128e-01 7.312250962982886314e-04 4.291148662567136896e-01
1.757000000000000000e+03 7.909869968551667130e-01 5.132043655920478066e-04 3.281047973632811310e-01
2.222000000000000000e+03 7.906633141536275611e-01 7.090104774660332260e-04 2.954019851684568376e-01
2.811000000000000000e+03 7.923739343164132309e-01 6.859510247181421034e-04 6.701865100860597835e-01
3.556000000000000000e+03 7.951616315392620038e-01 3.766674129900793810e-04 3.350768566131592241e-01
4.498000000000000000e+03 8.011365572333374319e-01 2.832525361275054594e-04 3.035757961273193306e-01
5.689000000000000000e+03 7.968586817316717363e-01 4.042320207315351155e-04 3.601509933471680469e-01
7.196000000000000000e+03 8.017106254698966872e-01 3.189362644058565000e-04 3.348159351348876100e-01
9.102000000000000000e+03 7.942446903943978231e-01 2.313765363497496225e-04 3.616619949340817985e-01
1.151300000000000000e+04 7.998939711334278613e-01 3.827519001801234981e-04 3.581170940399172054e-01
1.456300000000000000e+04 7.986219951284188046e-01 2.429021827540391151e-04 5.580008335113526563e-01
1.842000000000000000e+04 7.942233980094168810e-01 1.540912320456098311e-04 4.537601623535156836e-01
2.329900000000000000e+04 7.962137175250973975e-01 3.515653955611356307e-04 4.126839046478272266e-01
2.947000000000000000e+04 7.974549136111637182e-01 2.255443109942760341e-04 4.162367839813234660e-01
3.727500000000000000e+04 7.999712732313244423e-01 2.218585494623209547e-04 4.543482284545898864e-01
4.714800000000000000e+04 7.997857120333886627e-01 1.206487408170029308e-04 4.960271644592282314e-01
5.963600000000000000e+04 7.978123730515616074e-01 1.191233111257719059e-04 5.594889640808105025e-01
7.543100000000000000e+04 7.990110487489954227e-01 1.134881213250394874e-04 6.563055896759033558e-01
9.540900000000000000e+04 7.984206291957771651e-01 1.375472297238572493e-04 7.567682266235353783e-01
1.206790000000000000e+05 7.977914632511620141e-01 1.470953667637279496e-04 7.851536540985106782e-01
1.526410000000000000e+05 7.970382165440100808e-01 6.274974046812014717e-05 9.090570564270019638e-01
1.930690000000000000e+05 7.972441925684590203e-01 1.721596855059337721e-04 1.139124578475952276e+00
2.442050000000000000e+05 7.980039129699691980e-01 5.913070718757766744e-05 1.316614692687988253e+00
3.088840000000000000e+05 7.974068830100463634e-01 9.051059279673097260e-05 1.607157533645630076e+00
3.906930000000000000e+05 7.980889648809035286e-01 8.373932029906392955e-05 2.156590993881225771e+00
4.941710000000000000e+05 7.976996631663745285e-01 3.576320624019846558e-05 2.336824281692504446e+00
6.250550000000000000e+05 7.986660149019660926e-01 4.406718284100201297e-05 2.910182312011718508e+00
7.906040000000000000e+05 7.984997678869736326e-01 4.463897668411599055e-05 3.680761722564697358e+00
1.000000000000000000e+06 7.967091215129731285e-01 7.172081288228994726e-05 4.596767559051514240e+00
