# T, P, slope (no slope at the beginning --> 0), Delta Volume, Delta Entropy
2.000000000000000000e+00 2.259100000000000108e+01 0.000000000000000000e+00 1.035557250976562500e+02 2.244233826614745794e+03
2.200000000000000178e+00 2.692948627659021454e+01 2.169243138295107087e+01 9.529559326171875000e+01 2.169081049700112544e+03
2.399999999999999911e+00 3.148533397351149432e+01 2.277923848460640244e+01 9.042944335937500000e+01 2.155507340772396219e+03
2.600000000000000089e+00 3.625583336857575034e+01 2.385249697532128721e+01 8.590966796875000000e+01 2.136409991199518572e+03
2.799999999999999822e+00 4.123249161845215838e+01 2.488329124938202597e+01 8.116473388671875000e+01 2.098809862656923542e+03
3.000000000000000000e+00 4.640639500447977639e+01 2.586951693013809361e+01 7.774340820312500000e+01 2.086043821424455018e+03
3.200000000000000178e+00 5.177514986700974475e+01 2.684377431264985958e+01 7.419879150390625000e+01 2.062490892459928091e+03
3.400000000000000355e+00 5.733648421255341532e+01 2.780667172771837059e+01 7.073431396484375000e+01 2.031326020271044854e+03
3.600000000000000089e+00 6.308258926668991506e+01 2.873052527068250583e+01 6.833392333984375000e+01 2.024920448947591922e+03
3.799999999999999822e+00 6.901158475451556740e+01 2.964497743912825456e+01 3.333612060546875000e+01 1.004414195061938472e+03
4.000000000000000000e+00 7.517943377195719279e+01 3.083924508720811275e+01 0.000000000000000000e+00 0.000000000000000000e+00
